Results for the IR system implemented using BM25 ranking algorithm

*********************************************** QUERY ID  12 ******************************************************
   Rank   Document ID     Document Score       Relevance Level      Precision             Recall          NDCG

    1     CACM-3127        14.4047655861              1                 1.0                 0.2            1.0
    2     CACM-2246        10.4300338515              1                 1.0                 0.4            1.0
    3     CACM-1930        8.58993306044              0      0.666666666667                 0.4 0.760187533432
    4     CACM-3196        8.38198279682              0                 0.5                 0.4  0.63878788648
    5     CACM-3068        5.50835485609              0                 0.4                 0.4 0.561544377732
    6     CACM-2593        5.46049930842              0      0.333333333333                 0.4 0.561544377732
    7     CACM-2740        5.34302034853              0      0.285714285714                 0.4 0.561544377732
    8     CACM-2319        5.33662645287              0                0.25                 0.4 0.561544377732
    9     CACM-2379        5.18956099968              0      0.222222222222                 0.4 0.561544377732
    10    CACM-1680        5.13855791156              0                 0.2                 0.4 0.561544377732
    11    CACM-2629        5.05837987588              1      0.272727272727                 0.6 0.642705741742
    12    CACM-1591        5.05455708625              0                0.25                 0.6 0.642705741742
    13    CACM-1462        5.00802463223              0      0.230769230769                 0.6 0.642705741742
    14    CACM-1461        4.97108734918              0      0.214285714286                 0.6 0.642705741742
    15    CACM-2632        4.93377221145              0                 0.2                 0.6 0.642705741742
    16    CACM-2597        4.86900253636              0              0.1875                 0.6 0.642705741742
    17    CACM-2735        4.83369002409              0      0.176470588235                 0.6 0.642705741742
    18    CACM-2482        4.75462119312              0      0.166666666667                 0.6 0.642705741742
    19    CACM-1236        4.74948296249              0      0.157894736842                 0.6 0.642705741742
    20    CACM-2796        4.71500889359              0                0.15                 0.6 0.642705741742
    21    CACM-2424        4.71415392181              0      0.142857142857                 0.6 0.642705741742
    22    CACM-1033        4.68388804671              0      0.136363636364                 0.6 0.642705741742
    23    CACM-1755        4.63541333073              0      0.130434782609                 0.6 0.642705741742
    24    CACM-1750        4.56278230776              0               0.125                 0.6 0.642705741742
    25    CACM-1472        4.55762022252              0                0.12                 0.6 0.642705741742
    26    CACM-2357        4.55595021398              0      0.115384615385                 0.6 0.642705741742
    27    CACM-2541        4.55374334539              0      0.111111111111                 0.6 0.642705741742
    28    CACM-2868        4.52200601203              0      0.107142857143                 0.6 0.642705741742
    29    CACM-2317        4.48297381904              0      0.103448275862                 0.6 0.642705741742
    30    CACM-2111        4.46723135553              0                 0.1                 0.6 0.642705741742
    31    CACM-2920        4.44558765221              0     0.0967741935484                 0.6 0.642705741742
    32    CACM-2080        4.44212901284              1               0.125                 0.8 0.698860179515
    33    CACM-2867        4.43335368086              0      0.121212121212                 0.8 0.698860179515
    34    CACM-1334        4.42571873876              0      0.117647058824                 0.8 0.698860179515
    35    CACM-1534        4.39257710046              0      0.114285714286                 0.8 0.698860179515
    36    CACM-1247        4.37308848792              0      0.111111111111                 0.8 0.698860179515
    37    CACM-2840        4.36917444064              0      0.108108108108                 0.8 0.698860179515
    38    CACM-1728        4.35860666131              0      0.105263157895                 0.8 0.698860179515
    39    CACM-3025        4.34694077517              0      0.102564102564                 0.8 0.698860179515
    40    CACM-2378        4.30276887958              0                 0.1                 0.8 0.698860179515
    41    CACM-2064        4.28473750818              0     0.0975609756098                 0.8 0.698860179515
    42    CACM-1519        4.27120433085              0     0.0952380952381                 0.8 0.698860179515
    43    CACM-2153        4.26061818391              0      0.093023255814                 0.8 0.698860179515
    44    CACM-2798        4.20730094875              0     0.0909090909091                 0.8 0.698860179515
    45    CACM-1657        4.20326937776              0     0.0888888888889                 0.8 0.698860179515
    46    CACM-2126        4.19626624885              0     0.0869565217391                 0.8 0.698860179515
    47    CACM-2372        4.18818071031              0     0.0851063829787                 0.8 0.698860179515
    48    CACM-1168        4.14831563512              0     0.0833333333333                 0.8 0.698860179515
    49    CACM-1766        4.14268501797              0     0.0816326530612                 0.8 0.698860179515
    50    CACM-2399        4.13380336277              0                0.08                 0.8 0.698860179515
    51    CACM-1752        4.13066484154              0      0.078431372549                 0.8 0.698860179515
    52    CACM-2320        4.12808910078              0     0.0769230769231                 0.8 0.698860179515
    53    CACM-3089        4.09605689388              0     0.0754716981132                 0.8 0.698860179515
    54     CACM-972        4.09330723265              0     0.0740740740741                 0.8 0.698860179515
    55     CACM-585        4.09330723265              0     0.0727272727273                 0.8 0.698860179515
    56    CACM-1912         4.0917475942              0     0.0714285714286                 0.8 0.698860179515
    57    CACM-2069        4.08388275449              0     0.0701754385965                 0.8 0.698860179515
    58     CACM-322         4.0779795308              0     0.0689655172414                 0.8 0.698860179515
    59    CACM-2092        4.04756332857              0     0.0677966101695                 0.8 0.698860179515
    60    CACM-3174        4.02324756406              0     0.0666666666667                 0.8 0.698860179515
    61    CACM-1324        4.02164117785              0     0.0655737704918                 0.8 0.698860179515
    62    CACM-1902        3.99411777973              0     0.0645161290323                 0.8 0.698860179515
    63    CACM-1853        3.94990635166              0     0.0634920634921                 0.8 0.698860179515
    64    CACM-1264        3.94804415973              0              0.0625                 0.8 0.698860179515
    65    CACM-1747        3.94406599316              0     0.0615384615385                 0.8 0.698860179515
    66    CACM-2218        3.92419703872              0     0.0606060606061                 0.8 0.698860179515
    67    CACM-1938        3.92095808899              0     0.0597014925373                 0.8 0.698860179515
    68    CACM-2777        3.91866404872              0     0.0588235294118                 0.8 0.698860179515
    69    CACM-1071        3.90711514724              0     0.0579710144928                 0.8 0.698860179515
    70    CACM-1923        3.88289971859              0     0.0571428571429                 0.8 0.698860179515
    71    CACM-1163        3.88289971859              0      0.056338028169                 0.8 0.698860179515
    72    CACM-1749        3.87809350264              0     0.0555555555556                 0.8 0.698860179515
    73    CACM-3137        3.87540924659              0     0.0547945205479                 0.8 0.698860179515
    74    CACM-3087        3.83640913732              0     0.0540540540541                 0.8 0.698860179515
    75    CACM-1464        3.81382320372              0     0.0533333333333                 0.8 0.698860179515
    76    CACM-1951        3.81153887855              0     0.0526315789474                 0.8 0.698860179515
    77    CACM-2950        3.80529032209              0     0.0519480519481                 0.8 0.698860179515
    78    CACM-1533        3.80342346067              0     0.0512820512821                 0.8 0.698860179515
    79     CACM-252        3.79628914092              0     0.0506329113924                 0.8 0.698860179515
    80    CACM-1108        3.79592521495              0                0.05                 0.8 0.698860179515
    81     CACM-202        3.78912343071              0     0.0493827160494                 0.8 0.698860179515
    82    CACM-1751        3.77195780904              0     0.0487804878049                 0.8 0.698860179515
    83    CACM-2219        3.76480369903              0     0.0481927710843                 0.8 0.698860179515
    84    CACM-2536        3.76157775344              0      0.047619047619                 0.8 0.698860179515
    85    CACM-1034        3.74695328474              0     0.0470588235294                 0.8 0.698860179515
    86    CACM-2151        3.74568218564              0      0.046511627907                 0.8 0.698860179515
    87    CACM-1924         3.7432640327              0     0.0459770114943                 0.8 0.698860179515
    88    CACM-2618        3.72388426877              0     0.0454545454545                 0.8 0.698860179515
    89    CACM-2681        3.72114729986              0     0.0449438202247                 0.8 0.698860179515
    90    CACM-1226        3.69685317793              0     0.0444444444444                 0.8 0.698860179515
    91    CACM-3023        3.68484787671              0      0.043956043956                 0.8 0.698860179515
    92    CACM-2741        3.67380590937              0     0.0434782608696                 0.8 0.698860179515
    93    CACM-2624        3.67380590937              0     0.0430107526882                 0.8 0.698860179515
    94    CACM-2065        3.65910673853              0     0.0425531914894                 0.8 0.698860179515
    95    CACM-2105        3.64165791635              0     0.0421052631579                 0.8 0.698860179515
    96    CACM-2358        3.63197766573              0     0.0416666666667                 0.8 0.698860179515
    97    CACM-1960        3.62663035662              0     0.0412371134021                 0.8 0.698860179515
    98    CACM-1652        3.62294370302              0     0.0408163265306                 0.8 0.698860179515
    99    CACM-2621        3.59549969946              0      0.040404040404                 0.8 0.698860179515
   100    CACM-2582        3.58373097857              0                0.04                 0.8 0.698860179515
*********************************************** QUERY ID  13 ******************************************************
   Rank   Document ID     Document Score       Relevance Level      Precision             Recall          NDCG

    1     CACM-2530        12.2105590127              0                 0.0                 0.0            0.0
    2     CACM-2748        11.9358777855              0                 0.0                 0.0            0.0
    3     CACM-2491        11.7281981561              0                 0.0                 0.0            0.0
    4     CACM-1947        11.0193020029              1                0.25     0.0909090909091  0.15969697162
    5     CACM-2559        10.0976189062              0                 0.2     0.0909090909091 0.140386094433
    6     CACM-2897         9.9629529887              1      0.333333333333      0.181818181818 0.224607316559
    7     CACM-1795         9.7004813255              1      0.428571428571      0.272727272727 0.288770349658
    8     CACM-2495        9.63450469901              1                 0.5      0.363636363636 0.339886470519
    9     CACM-2033        9.15770726599              0      0.444444444444      0.363636363636 0.318240561238
    10    CACM-2856        8.67753787165              0                 0.4      0.363636363636 0.300008559176
    11    CACM-2863        8.51416375089              0      0.363636363636      0.363636363636  0.28436483341
    12    CACM-2680        8.45038803952              0      0.333333333333      0.363636363636  0.28436483341
    13    CACM-1886        8.18511000474              0      0.307692307692      0.363636363636  0.28436483341
    14    CACM-1807        8.13970359022              1      0.357142857143      0.454545454545 0.331744056581
    15    CACM-2716        8.03754777026              0      0.333333333333      0.454545454545 0.331744056581
    16    CACM-3080         8.0204459081              0              0.3125      0.454545454545 0.331744056581
    17    CACM-2701         7.9642931121              0      0.294117647059      0.454545454545 0.331744056581
    18    CACM-3005        7.91363125258              0      0.277777777778      0.454545454545 0.331744056581
    19    CACM-2586        7.79881752244              0      0.263157894737      0.454545454545 0.331744056581
    20    CACM-2537        7.74715882958              0                0.25      0.454545454545 0.331744056581
    21    CACM-2801        7.74465474394              0      0.238095238095      0.454545454545 0.331744056581
    22    CACM-3129        7.72848846108              0      0.227272727273      0.454545454545 0.331744056581
    23    CACM-3113        7.65435917974              0      0.217391304348      0.454545454545 0.331744056581
    24    CACM-3033        7.56444374922              0      0.208333333333      0.454545454545 0.331744056581
    25    CACM-1901        7.49929743251              0                 0.2      0.454545454545 0.331744056581
    26    CACM-2834        7.47367183578              0      0.192307692308      0.454545454545 0.331744056581
    27    CACM-1223        7.43729869722              1      0.222222222222      0.545454545455 0.369681761407
    28    CACM-2944        7.32492716098              0      0.214285714286      0.545454545455 0.369681761407
    29    CACM-2598        7.28937207862              0      0.206896551724      0.545454545455 0.369681761407
    30     CACM-405        7.23635942239              0                 0.2      0.545454545455 0.369681761407
    31    CACM-2648        7.19541313561              0      0.193548387097      0.545454545455 0.369681761407
    32    CACM-3099        7.16532469611              0              0.1875      0.545454545455 0.369681761407
    33    CACM-2929        7.13103534307              0      0.181818181818      0.545454545455 0.369681761407
    34    CACM-2904        6.79302834484              0      0.176470588235      0.545454545455 0.369681761407
    35    CACM-1973        6.76771661617              0      0.171428571429      0.545454545455 0.369681761407
    36    CACM-3054        6.75658522667              0      0.166666666667      0.545454545455 0.369681761407
    37    CACM-3171        6.66741021246              0      0.162162162162      0.545454545455 0.369681761407
    38    CACM-2816        6.61917245442              0      0.157894736842      0.545454545455 0.369681761407
    39    CACM-3106        6.61292462797              0      0.153846153846      0.545454545455 0.369681761407
    40    CACM-2819        6.55534946658              0                0.15      0.545454545455 0.369681761407
    41    CACM-1195        6.50661521919              0      0.146341463415      0.545454545455 0.369681761407
    42    CACM-2885        6.39238788002              0      0.142857142857      0.545454545455 0.369681761407
    43    CACM-3103        6.34461334788              0      0.139534883721      0.545454545455 0.369681761407
    44    CACM-1542          6.320098801              0      0.136363636364      0.545454545455 0.369681761407
    45    CACM-2253        6.21864327027              0      0.133333333333      0.545454545455 0.369681761407
    46    CACM-2623        6.17353098392              0      0.130434782609      0.545454545455 0.369681761407
    47    CACM-2490        6.07437939757              0      0.127659574468      0.545454545455 0.369681761407
    48    CACM-2855        6.02480304518              0               0.125      0.545454545455 0.369681761407
    49     CACM-124        5.89680608729              0      0.122448979592      0.545454545455 0.369681761407
    50    CACM-1235        5.89165517645              0                0.12      0.545454545455 0.369681761407
    51     CACM-940        5.82317330963              0      0.117647058824      0.545454545455 0.369681761407
    52    CACM-1552        5.79742435497              0      0.115384615385      0.545454545455 0.369681761407
    53    CACM-1694        5.77752600196              0       0.11320754717      0.545454545455 0.369681761407
    54    CACM-3057        5.67362600108              0      0.111111111111      0.545454545455 0.369681761407
    55    CACM-3053        5.66580151845              0      0.109090909091      0.545454545455 0.369681761407
    56    CACM-2220        5.64308227264              0      0.107142857143      0.545454545455 0.369681761407
    57     CACM-867        5.61360835756              0      0.105263157895      0.545454545455 0.369681761407
    58    CACM-2711        5.59651275186              0      0.103448275862      0.545454545455 0.369681761407
    59    CACM-2858        5.58112213968              0      0.101694915254      0.545454545455 0.369681761407
    60    CACM-2078        5.57166233663              0                 0.1      0.545454545455 0.369681761407
    61    CACM-2745        5.55121247982              0     0.0983606557377      0.545454545455 0.369681761407
    62    CACM-2464        5.52854252877              0     0.0967741935484      0.545454545455 0.369681761407
    63    CACM-2423        5.52544132519              0     0.0952380952381      0.545454545455 0.369681761407
    64    CACM-1564        5.46723332484              0             0.09375      0.545454545455 0.369681761407
    65    CACM-3072        5.35522344769              0     0.0923076923077      0.545454545455 0.369681761407
    66    CACM-2787        5.35386134372              0     0.0909090909091      0.545454545455 0.369681761407
    67    CACM-2389        5.32021624334              0      0.089552238806      0.545454545455 0.369681761407
    68    CACM-1655        5.29416096287              0     0.0882352941176      0.545454545455 0.369681761407
    69    CACM-3074        5.28784378441              0     0.0869565217391      0.545454545455 0.369681761407
    70    CACM-1066         5.2705415646              0     0.0857142857143      0.545454545455 0.369681761407
    71    CACM-2185        5.25080462728              0     0.0845070422535      0.545454545455 0.369681761407
    72    CACM-1999        5.21335819675              0     0.0833333333333      0.545454545455 0.369681761407
    73    CACM-1566        5.20965041231              0     0.0821917808219      0.545454545455 0.369681761407
    74    CACM-2374        5.18288783604              0     0.0810810810811      0.545454545455 0.369681761407
    75    CACM-1231        5.17360709107              1     0.0933333333333      0.636363636364 0.398642231683
    76    CACM-3110        5.15190359966              0     0.0921052631579      0.636363636364 0.398642231683
    77    CACM-2651        5.06086526134              0     0.0909090909091      0.636363636364 0.398642231683
    78    CACM-1369        5.02249736804              0     0.0897435897436      0.636363636364 0.398642231683
    79    CACM-1389        4.96616831254              0     0.0886075949367      0.636363636364 0.398642231683
    80    CACM-2964         4.9605460687              0              0.0875      0.636363636364 0.398642231683
    81    CACM-1362        4.95240759787              0     0.0864197530864      0.636363636364 0.398642231683
    82     CACM-849        4.94011890131              0     0.0853658536585      0.636363636364 0.398642231683
    83     CACM-48         4.92030061799              0     0.0843373493976      0.636363636364 0.398642231683
    84    CACM-1670        4.90795465231              0     0.0833333333333      0.636363636364 0.398642231683
    85    CACM-2346        4.88520399058              0     0.0823529411765      0.636363636364 0.398642231683
    86    CACM-1134        4.88091452109              0     0.0813953488372      0.636363636364 0.398642231683
    87    CACM-1756        4.86791192722              0     0.0804597701149      0.636363636364 0.398642231683
    88    CACM-3169        4.86422139673              0     0.0795454545455      0.636363636364 0.398642231683
    89    CACM-2857        4.86276521143              0     0.0786516853933      0.636363636364 0.398642231683
    90    CACM-1651        4.85990492444              0     0.0777777777778      0.636363636364 0.398642231683
    91    CACM-3067        4.85739583055              0     0.0769230769231      0.636363636364 0.398642231683
    92    CACM-2006        4.85074184885              0     0.0760869565217      0.636363636364 0.398642231683
    93    CACM-2835        4.84523667178              0     0.0752688172043      0.636363636364 0.398642231683
    94    CACM-1652        4.84493857908              0     0.0744680851064      0.636363636364 0.398642231683
    95    CACM-1172        4.83677030623              0     0.0736842105263      0.636363636364 0.398642231683
    96    CACM-2437        4.80406799645              0     0.0729166666667      0.636363636364 0.398642231683
    97    CACM-2729        4.78325592848              0     0.0721649484536      0.636363636364 0.398642231683
    98    CACM-3083        4.75922128945              0     0.0714285714286      0.636363636364 0.398642231683
    99    CACM-1088        4.75902999427              0     0.0707070707071      0.636363636364 0.398642231683
   100    CACM-2888        4.75683686149              0                0.07      0.636363636364 0.398642231683
*********************************************** QUERY ID  19 ******************************************************
   Rank   Document ID     Document Score       Relevance Level      Precision             Recall          NDCG

    1     CACM-2714        6.51886389282              1                 1.0     0.0909090909091            1.0
    2     CACM-2664        6.36119332824              1                 1.0      0.181818181818            1.0
    3     CACM-2973         6.3589430299              1                 1.0      0.272727272727            1.0
    4     CACM-2785        6.09895838293              0                0.75      0.272727272727  0.84030302838
    5     CACM-2685        5.99266948278              0                 0.6      0.272727272727 0.738691905663
    6     CACM-2433        5.96605329974              0                 0.5      0.272727272727 0.666318093808
    7      CACM-950        5.92453296789              1      0.571428571429      0.363636363636 0.693929965378
    8     CACM-1262        5.83736723532              0                 0.5      0.363636363636 0.644057173993
    9     CACM-2266        5.82688863798              1      0.555555555556      0.454545454545 0.666725643583
    10    CACM-2700        5.74278681852              0                 0.5      0.454545454545 0.628528930817
    11    CACM-2896        5.73413499594              0      0.454545454545      0.454545454545 0.595754751784
    12    CACM-1158         5.6906840959              0      0.416666666667      0.454545454545 0.595754751784
    13    CACM-3075        5.66828379038              1      0.461538461538      0.545454545455 0.644502882353
    14    CACM-1828        5.66412388086              0      0.428571428571      0.545454545455 0.644502882353
    15    CACM-3156        5.62073869122              1      0.466666666667      0.636363636364 0.690675027215
    16    CACM-1601        5.52801671225              1                 0.5      0.727272727273  0.73577240685
    17    CACM-1811        5.49889347407              0      0.470588235294      0.727272727273  0.73577240685
    18     CACM-141        5.46612480383              1                 0.5      0.818181818182 0.779032062235
    19     CACM-392         5.3714521151              0      0.473684210526      0.818181818182 0.779032062235
    20    CACM-1302         5.3714521151              0                0.45      0.818181818182 0.779032062235
    21    CACM-1613        5.31427745743              0      0.428571428571      0.818181818182 0.779032062235
    22    CACM-2182        5.19161567433              0      0.409090909091      0.818181818182 0.779032062235
    23    CACM-2660        5.14852248745              0      0.391304347826      0.818181818182 0.779032062235
    24    CACM-2557        5.10249860911              0               0.375      0.818181818182 0.779032062235
    25    CACM-1367        5.06444724563              0                0.36      0.818181818182 0.779032062235
    26    CACM-1795        4.98307377706              0      0.346153846154      0.818181818182 0.779032062235
    27    CACM-1468        4.97899060139              0      0.333333333333      0.818181818182 0.779032062235
    28    CACM-2401        4.94801010937              0      0.321428571429      0.818181818182 0.779032062235
    29    CACM-2895        4.92287130114              0      0.310344827586      0.818181818182 0.779032062235
    30    CACM-2952        4.82792744685              0                 0.3      0.818181818182 0.779032062235
    31    CACM-2342        4.82659230038              0      0.290322580645      0.818181818182 0.779032062235
    32    CACM-2851         4.7093261082              0             0.28125      0.818181818182 0.779032062235
    33    CACM-2865        4.70477491559              0      0.272727272727      0.818181818182 0.779032062235
    34    CACM-3059        4.61149823265              0      0.264705882353      0.818181818182 0.779032062235
    35    CACM-3073        4.54417883944              0      0.257142857143      0.818181818182 0.779032062235
    36    CACM-2195         4.5064520088              0                0.25      0.818181818182 0.779032062235
    37     CACM-46         4.46244687332              0      0.243243243243      0.818181818182 0.779032062235
    38    CACM-2289        4.45373364685              0      0.236842105263      0.818181818182 0.779032062235
    39    CACM-2570        4.42056714565              0      0.230769230769      0.818181818182 0.779032062235
    40    CACM-2080        4.38360303651              0               0.225      0.818181818182 0.779032062235
    41    CACM-2175        4.35261397104              0      0.219512195122      0.818181818182 0.779032062235
    42    CACM-1846        4.27265988358              0      0.214285714286      0.818181818182 0.779032062235
    43    CACM-1569        4.23463036614              0      0.209302325581      0.818181818182 0.779032062235
    44    CACM-1747        4.13958818316              0      0.204545454545      0.818181818182 0.779032062235
    45    CACM-2838         4.0654398049              0                 0.2      0.818181818182 0.779032062235
    46    CACM-3044        4.04148767851              0      0.195652173913      0.818181818182 0.779032062235
    47    CACM-3194        3.84125811497              0      0.191489361702      0.818181818182 0.779032062235
    48    CACM-2740        3.78218079358              0              0.1875      0.818181818182 0.779032062235
    49    CACM-2311        3.68165615507              0      0.183673469388      0.818181818182 0.779032062235
    50    CACM-2727        3.65993215855              0                0.18      0.818181818182 0.779032062235
    51    CACM-1854        3.64868921401              0      0.176470588235      0.818181818182 0.779032062235
    52    CACM-1008        3.63846302758              0      0.173076923077      0.818181818182 0.779032062235
    53    CACM-1380        3.55504751346              0      0.169811320755      0.818181818182 0.779032062235
    54    CACM-2060        3.41225503518              0      0.166666666667      0.818181818182 0.779032062235
    55    CACM-1200        3.39918774983              0      0.163636363636      0.818181818182 0.779032062235
    56    CACM-2514        3.34420670548              0      0.160714285714      0.818181818182 0.779032062235
    57    CACM-1471        3.32627281786              0      0.157894736842      0.818181818182 0.779032062235
    58    CACM-1957        3.28041167361              0      0.155172413793      0.818181818182 0.779032062235
    59    CACM-3175        3.24894099535              1      0.169491525424      0.909090909091 0.809696768053
    60    CACM-1554        3.22258286557              0      0.166666666667      0.909090909091 0.809696768053
    61    CACM-2114         3.1728441757              0       0.16393442623      0.909090909091 0.809696768053
    62    CACM-1341        3.15697458821              0      0.161290322581      0.909090909091 0.809696768053
    63    CACM-1603        3.10949513742              0       0.15873015873      0.909090909091 0.809696768053
    64    CACM-1960        3.07862770437              0             0.15625      0.909090909091 0.809696768053
    65    CACM-1536        3.06342266468              0      0.153846153846      0.909090909091 0.809696768053
    66    CACM-2376        2.91924406886              0      0.151515151515      0.909090909091 0.809696768053
    67     CACM-320        2.90556913972              0      0.149253731343      0.909090909091 0.809696768053
    68    CACM-1959        2.90105014778              0      0.147058823529      0.909090909091 0.809696768053
    69    CACM-2515        2.82836464142              0      0.144927536232      0.909090909091 0.809696768053
    70    CACM-2898        2.69125151528              0      0.142857142857      0.909090909091 0.809696768053
    71    CACM-2723        2.59039075864              0      0.140845070423      0.909090909091 0.809696768053
    72    CACM-1325        2.59010797976              0      0.138888888889      0.909090909091 0.809696768053
    73    CACM-3120        2.56865551516              0       0.13698630137      0.909090909091 0.809696768053
    74    CACM-2967        2.54755548984              0      0.135135135135      0.909090909091 0.809696768053
    75    CACM-1409        2.34527234645              0      0.133333333333      0.909090909091 0.809696768053
    76    CACM-2497        2.25982633178              0      0.131578947368      0.909090909091 0.809696768053
    77    CACM-1928        2.16516538372              0       0.12987012987      0.909090909091 0.809696768053
    78    CACM-2692        1.97960767325              0      0.128205128205      0.909090909091 0.809696768053
    79    CACM-2430       0.639232853862              0      0.126582278481      0.909090909091 0.809696768053
    80     CACM-371       0.635108507063              0               0.125      0.909090909091 0.809696768053
    81    CACM-1559        0.63390635622              0      0.123456790123      0.909090909091 0.809696768053
    82    CACM-2090          0.626940925              0      0.121951219512      0.909090909091 0.809696768053
    83    CACM-1539       0.625820285126              0      0.120481927711      0.909090909091 0.809696768053
    84    CACM-2042       0.620786630481              0      0.119047619048      0.909090909091 0.809696768053
    85    CACM-2146       0.614737275349              0      0.117647058824      0.909090909091 0.809696768053
    86     CACM-199        0.61025161971              0      0.116279069767      0.909090909091 0.809696768053
    87    CACM-2884       0.607971740108              0      0.114942528736      0.909090909091 0.809696768053
    88    CACM-2630       0.606274518112              0      0.113636363636      0.909090909091 0.809696768053
    89    CACM-2679       0.601872839637              0      0.112359550562      0.909090909091 0.809696768053
    90    CACM-2520        0.59951714977              0      0.111111111111      0.909090909091 0.809696768053
    91    CACM-2767       0.599241999381              0       0.10989010989      0.909090909091 0.809696768053
    92    CACM-2509       0.597470996091              0      0.108695652174      0.909090909091 0.809696768053
    93    CACM-2348       0.594359050512              0       0.10752688172      0.909090909091 0.809696768053
    94    CACM-1990       0.594359050512              0      0.106382978723      0.909090909091 0.809696768053
    95    CACM-1560       0.594359050512              0      0.105263157895      0.909090909091 0.809696768053
    96    CACM-2283       0.593483265731              0      0.104166666667      0.909090909091 0.809696768053
    97    CACM-2417       0.591279354285              0      0.103092783505      0.909090909091 0.809696768053
    98    CACM-1961       0.589649910965              0      0.102040816327      0.909090909091 0.809696768053
    99    CACM-2863       0.587132917347              0       0.10101010101      0.909090909091 0.809696768053
   100    CACM-2510       0.585214725237              0                 0.1      0.909090909091 0.809696768053

   ************************************************************************************************************
